1	13
2	13
3	15
4	15
5	15
6	15
7	15
8	15
9	15
10	15
11	15
12	15
13	15
14	15
15	15
16	15
17	15
18	15
19	15
20	15
21	15
22	15
23	15
24	15
25	15
26	15
27	15
28	15
29	15
30	15
31	16
32	16
33	16
34	16
35	16
36	16
37	16
38	16
39	16
40	16
41	16
42	16
43	16
44	16
45	16
46	16
47	16
48	16
49	16
50	16
51	16
52	16
53	16
54	16
55	16
56	16
57	16
58	16
59	16
60	16
61	16
62	16
63	16
64	16
65	16
66	16
67	16
68	16
69	16
70	16
71	16
72	16
73	16
74	16
75	16
76	16
77	16
78	16
79	16
80	16
81	16
82	16
83	16
84	16
85	16
86	16
87	17
88	17
89	17
90	17
91	17
92	17
93	17
94	17
95	17
96	17
97	17
98	17
99	17
100	17
101	17
102	17
103	17
104	17
105	17
106	17
107	17
108	17
109	17
110	17
111	17
112	17
113	17
114	17
115	17
116	17
117	17
118	17
119	17
120	17
121	17
122	17
123	17
124	17
125	17
126	17
127	17
128	17
129	17
130	17
131	17
132	17
133	17
134	17
135	17
136	17
137	17
138	17
139	17
140	17
141	17
142	17
143	17
144	17
145	17
146	17
147	17
148	17
149	17
150	17
151	17
152	17
153	17
154	17
155	17
156	17
157	17
158	17
159	17
160	17
161	17
162	17
163	17
164	17
165	17
166	17
167	17
168	17
169	17
170	17
171	17
172	17
173	17
174	17
175	17
176	17
177	17
178	17
179	17
180	17
181	17
182	17
183	17
184	17
185	17
186	17
187	17
188	17
189	17
190	17
191	17
192	17
193	17
194	17
195	17
196	17
197	17
198	17
199	17
200	17
201	17
202	17
203	17
204	17
205	17
206	17
207	17
208	17
209	17
210	17
211	17
212	17
213	17
214	17
215	17
216	17
217	17
218	17
219	17
220	17
221	17
222	17
223	17
224	17
225	17
226	17
227	17
228	17
229	17
230	17
231	17
232	17
233	17
234	17
235	17
236	17
237	17
238	17
239	17
240	17
241	17
242	17
243	17
244	17
245	17
246	17
247	17
248	17
249	17
250	17
251	17
252	17
253	17
254	17
255	17
256	17
257	17
258	17
259	17
260	17
261	17
262	17
263	17
264	17
265	17
266	17
267	17
268	17
269	17
270	17
271	17
272	17
273	17
274	17
275	17
276	17
277	17
278	17
279	17
280	17
281	17
282	17
283	17
284	17
285	17
286	17
287	17
288	17
289	17
290	17
291	17
292	17
293	17
294	17
295	17
296	17
297	17
298	17
299	17
300	17
301	17
302	17
303	17
304	17
305	17
306	17
307	17
308	17
309	17
310	17
311	17
312	17
313	17
314	17
315	17
316	17
317	17
318	17
319	17
320	17
321	17
322	17
323	17
324	17
325	17
326	17
327	17
328	17
329	17
330	17
331	17
332	17
333	17
334	17
335	17
336	17
337	17
338	17
339	17
340	17
341	17
342	17
343	17
344	17
345	17
346	17
347	17
348	17
349	17
350	17
351	17
352	17
353	17
354	17
355	17
356	17
357	17
358	17
359	17
360	17
361	17
362	17
363	17
364	17
365	17
366	17
367	17
368	17
369	17
370	15
371	15
372	15
373	15
374	15
375	16
376	16
377	16
378	16
379	16
380	16
381	16
382	16
383	16
384	16
385	16
386	17
387	17
388	17
389	17
390	17
391	17
392	17
393	17
394	17
395	17
396	17
397	17
398	17
399	17
400	17
401	17
402	17
403	17
404	17
405	17
406	17
407	17
408	17
409	17
410	17
411	17
412	17
413	17
414	17
415	17
416	16
417	16
418	16
419	16
420	16
421	16
422	16
423	16
424	16
425	16
426	16
427	16
428	16
429	16
430	16
431	16
432	16
433	16
434	16
435	16
436	16
437	16
438	16
439	16
440	16
441	16
442	17
443	17
444	17
445	17
446	17
447	17
448	17
449	17
450	17
451	16
452	16
453	16
454	16
455	16
456	16
457	16
458	16
459	16
460	16
461	16
462	16
463	16
464	16
465	16
466	16
467	16
468	16
469	16
470	16
471	16
472	16
473	16
474	16
475	16
476	16
477	16
478	16
479	16
480	16
481	16
482	16
483	16
484	16
485	16
486	16
487	16
488	16
489	16
490	16
491	16
492	16
493	17
494	17
495	17
496	17
497	17
498	17
499	17
500	17
501	17
502	17
503	17
504	17
505	17
506	17
507	17
508	17
509	17
510	17
511	17
512	17
513	17
514	17
515	17
516	17
517	17
518	17
519	17
520	17
521	17
522	17
523	17
524	17
525	17
526	17
527	17
528	17
529	17
530	16
531	16
532	16
533	16
534	16
535	16
536	16
537	16
538	16
539	16
540	16
541	16
542	16
543	16
544	16
545	16
546	16
547	16
548	16
549	16
550	16
551	16
552	16
553	16
554	16
555	16
556	16
557	16
558	16
559	16
560	16
561	16
562	16
563	16
564	16
565	16
566	16
567	16
568	16
569	16
570	16
571	16
572	16
573	16
574	16
575	16
576	16
577	16
578	16
579	16
580	16
581	16
582	16
583	16
584	16
585	16
586	16
587	16
588	16
589	16
590	16
591	16
592	16
593	16
594	16
595	16
596	16
597	16
598	16
599	16
600	16
601	16
602	15
603	15
604	15
605	15
606	15
607	15
608	15
609	15
610	15
611	15
612	15
613	15
614	15
615	15
616	15
617	15
618	15
619	15
620	15
621	15
622	15
623	13
624	14
625	15
626	15
627	15
628	15
629	15
630	15
631	15
632	15
633	15
634	15
635	16
636	16
637	16
638	16
639	16
640	16
641	16
642	16
643	16
644	16
645	15
646	15
647	16
648	16
649	16
650	16
651	16
652	16
653	16
654	16
655	16
656	16
657	16
658	16
659	16
660	16
661	16
662	16
663	16
664	16
665	16
666	16
667	16
668	16
669	16
670	16
671	16
672	16
673	16
674	16
675	15
676	15
677	15
678	16
679	16
680	16
681	16
682	16
683	16
684	16
685	16
686	16
687	16
688	15
689	15
690	15
691	15
692	15
693	15
694	15
695	15
696	15
697	15
698	15
699	15
700	15
701	15
702	15
703	15
704	15
705	15
706	15
707	16
708	16
709	16
710	16
711	16
712	16
713	16
714	16
715	16
716	16
717	16
718	16
719	16
720	16
721	16
722	16
723	17
724	17
725	17
726	17
727	17
728	17
729	17
730	17
731	17
732	17
733	16
734	16
735	16
736	16
737	16
738	17
739	17
740	17
741	17
742	17
743	17
744	17
745	17
746	17
747	17
748	17
749	17
750	17
751	17
752	17
753	17
754	17
755	17
756	17
757	17
758	17
759	17
760	17
761	17
762	17
763	17
764	17
765	17
766	17
767	17
768	17
769	16
770	16
771	16
772	16
773	16
774	16
775	16
776	16
777	16
778	16
779	16
780	17
781	17
782	17
783	17
784	17
785	17
786	17
787	17
788	17
789	17
790	16
791	16
792	16
793	16
794	16
795	16
796	16
797	16
798	16
799	16
800	16
801	16
802	16
803	16
804	16
805	16
806	16
807	16
808	16
809	16
810	16
811	16
812	16
813	16
814	16
815	16
816	16
817	16
818	16
819	16
820	16
821	16
822	16
823	16
824	16
825	16
826	16
827	16
828	16
829	16
830	16
831	16
832	16
833	16
834	16
835	17
836	17
837	17
838	16
839	16
840	16
841	16
842	16
843	16
844	16
845	16
846	16
847	16
848	16
849	16
850	16
851	16
852	16
853	16
854	16
855	16
856	16
857	16
858	16
859	16
860	16
861	17
862	17
863	17
864	17
865	17
866	17
867	17
868	17
869	16
870	16
871	16
872	16
873	16
874	16
875	16
876	16
877	16
878	16
879	16
880	16
881	16
882	16
883	16
884	16
885	16
886	16
887	16
888	16
889	16
890	16
891	16
892	16
893	16
894	16
895	16
896	16
897	16
898	16
899	16
900	16
901	16
902	16
903	16
904	16
905	16
906	16
907	16
908	16
909	16
910	16
911	16
912	16
913	16
914	16
915	16
916	16
917	16
918	16
919	16
920	16
921	16
922	16
923	16
924	16
925	16
926	16
927	17
928	17
929	17
930	17
931	17
932	16
933	16
934	16
935	16
936	16
937	16
938	16
939	16
940	16
941	16
942	16
943	16
944	16
945	16
946	16
947	16
948	16
949	16
950	16
951	16
952	16
953	16
954	16
955	16
956	16
957	16
958	16
959	16
960	16
961	16
962	16
963	16
964	16
965	16
966	16
967	16
968	16
969	16
970	16
971	16
972	16
973	16
974	16
975	16
976	16
977	16
978	16
979	16
980	16
981	16
982	16
983	16
984	16
985	16
986	16
987	16
988	16
989	16
990	16
991	16
992	16
993	16
994	16
995	16
996	16
997	16
998	16
999	16
1000	16
1001	16
1002	16
1003	16
1004	16
1005	16
1006	16
1007	16
1008	16
1009	16
1010	16
1011	16
1012	16
1013	16
1014	16
1015	16
1016	16
1017	16
1018	16
1019	16
1020	16
1021	16
1022	16
1023	16
1024	16
1025	16
1026	16
1027	16
1028	16
1029	16
1030	17
1031	17
1032	17
1033	17
1034	17
1035	16
1036	17
1037	15
1038	15
1039	15
1040	15
1041	15
1042	15
1043	15
1044	15
1045	15
1046	15
1047	15
1048	15
1049	15
1050	16
1051	16
1052	16
1053	16
1054	16
1055	16
1056	16
1057	16
1058	16
1059	16
1060	16
1061	16
1062	16
1063	16
1064	16
1065	16
1066	16
1067	16
1068	17
1069	17
1070	17
1071	17
1072	17
1073	17
1074	17
1075	17
1076	17
1077	17
1078	17
1079	17
1080	17
1081	17
1082	17
1083	17
1084	17
1085	17
1086	17
1087	17
1088	17
1089	17
1090	17
1091	17
1092	17
1093	17
1094	17
1095	17
1096	12
1097	15
1098	15
1099	16
1100	16
1101	16
1102	16
1103	16
1104	16
1105	16
1106	16
1107	16
1108	16
1109	16
1110	16
1111	16
1112	16
1113	16
1114	16
1115	16
1116	16
1117	16
1118	14
1119	14
1120	14
1121	14
1122	15
1123	16
1124	16
1125	16
1126	16
1127	16
1128	16
1129	16
1130	16
1131	16
1132	16
1133	16
1134	16
1135	16
1136	16
1137	16
1138	16
1139	16
1140	16
1141	16
1142	16
1143	16
1144	16
1145	16
1146	16
1147	16
1148	16
1149	16
1150	16
1151	16
1152	16
1153	16
1154	16
1155	16
1156	16
1157	16
1158	16
1159	16
1160	16
1161	16
1162	16
1163	16
1164	16
1165	16
1166	16
1167	16
1168	16
1169	16
1170	16
1171	16
1172	16
1173	16
1174	16
1175	16
1176	16
1177	16
1178	16
1179	17
1180	17
1181	17
1182	17
1183	16
1184	16
1185	16
1186	16
1187	16
1188	16
1189	17
1190	17
1191	17
1192	17
1193	17
1194	17
1195	17
1196	17
1197	17
1198	17
1199	16
1200	16
1201	16
1202	16
1203	16
1204	16
1205	17
1206	17
1207	17
1208	17
1209	17
1210	17
1211	17
1212	17
1213	17
1214	17
1215	17
1216	17
1217	17
1218	17
1219	17
1220	17
1221	17
1222	17
1223	17
1224	17
1225	17
1226	17
1227	17
1228	17
1229	17
1230	17
1231	17
1232	17
1233	17
1234	17
1235	17
1236	17
1237	17
1238	17
1239	17
1240	17
1241	17
1242	17
1243	17
1244	17
1245	17
1246	17
1247	17
1248	17
1249	17
1250	17
1251	17
1252	17
1253	17
1254	17
1255	17
1256	17
1257	17
1258	17
1259	17
1260	16
1261	16
1262	16
1263	16
1264	17
1265	18
1266	18
1267	18
1268	18
1269	18
1270	18
1271	18
1272	18
1273	18
1274	18
1275	18
1276	18
1277	18
1278	18
1279	18
1280	18
1281	18
1282	18
1283	18
1284	18
1285	17
1286	17
1287	17
1288	17
1289	17
1290	17
1291	18
1292	18
1293	18
1294	18
1295	18
1296	18
1297	18
1298	18
1299	18
1300	18
1301	18
1302	18
1303	17
1304	17
1305	17
1306	17
1307	17
1308	17
1309	17
1310	17
1311	17
1312	17
1313	17
1314	17
1315	17
1316	17
1317	17
1318	16
1319	17
1320	17
1321	17
1322	17
1323	17
1324	17
1325	17
1326	17
1327	17
1328	17
1329	16
1330	17
1331	17
1332	17
1333	17
1334	17
1335	17
1336	17
1337	17
1338	17
1339	17
1340	17
1341	17
1342	17
1343	17
1344	17
1345	17
1346	17
1347	17
1348	17
1349	17
1350	17
1351	17
1352	17
1353	17
1354	17
1355	17
1356	17
1357	17
1358	17
1359	17
1360	17
1361	17
1362	17
1363	17
1364	17
1365	17
1366	16
1367	16
1368	16
1369	16
1370	16
1371	16
1372	17
1373	17
1374	17
1375	17
1376	17
1377	17
1378	17
1379	17
1380	17
1381	17
1382	17
1383	17
1384	17
1385	17
1386	17
1387	17
1388	17
1389	17
1390	17
1391	17
1392	17
1393	17
1394	17
1395	17
1396	17
1397	17
1398	17
1399	17
1400	17
1401	17
1402	17
1403	17
1404	17
1405	17
1406	17
1407	17
1408	17
1409	17
1410	17
1411	17
1412	17
1413	17
1414	17
1415	17
1416	17
1417	17
1418	17
1419	17
1420	17
1421	17
1422	17
1423	17
1424	17
1425	17
1426	17
1427	17
1428	17
1429	17
1430	17
1431	17
1432	17
1433	17
1434	17
1435	17
1436	17
1437	17
1438	17
1439	17
1440	17
1441	17
1442	17
1443	17
1444	17
1445	17
1446	17
1447	17
1448	16
1449	16
1450	16
1451	16
1452	16
1453	16
1454	16
1455	17
1456	17
1457	17
1458	17
1459	17
1460	17
1461	17
1462	17
1463	17
1464	17
1465	17
1466	17
1467	17
1468	17
1469	17
1470	17
1471	17
1472	17
1473	17
1474	17
1475	17
1476	17
1477	17
1478	17
1479	17
1480	17
1481	17
1482	17
1483	17
1484	17
1485	17
1486	17
1487	17
1488	17
1489	17
1490	14
1491	14
1492	15
1493	15
1494	14
1495	14
1496	14
1497	14
1498	14
1499	14
1500	14
1501	14
1502	15
1503	15
1504	15
1505	15
1506	15
1507	15
1508	15
1509	15
1510	15
1511	15
1512	15
1513	15
1514	15
1515	15
1516	15
1517	15
1518	15
1519	15
1520	15
1521	15
1522	15
1523	16
1524	16
1525	16
1526	16
1527	16
1528	16
1529	16
1530	16
1531	16
1532	16
1533	16
1534	16
1535	16
1536	16
1537	16
1538	16
1539	16
1540	16
1541	16
1542	16
1543	16
1544	16
1545	16
1546	16
1547	16
1548	16
1549	16
1550	16
1551	16
1552	16
1553	16
1554	16
1555	17
1556	17
1557	17
1558	17
1559	17
1560	17
1561	17
1562	17
1563	17
1564	17
1565	17
1566	17
1567	17
1568	17
1569	17
1570	17
1571	17
1572	17
1573	17
1574	17
1575	16
1576	16
1577	16
1578	16
1579	16
1580	16
1581	16
1582	16
1583	16
1584	16
1585	16
1586	16
1587	16
1588	16
1589	16
1590	16
1591	16
1592	16
1593	16
1594	16
1595	16
1596	15
1597	15
1598	15
1599	15
1600	15
1601	15
1602	15
1603	15
1604	15
1605	15
1606	15
1607	15
1608	15
1609	16
1610	16
1611	16
1612	16
1613	16
1614	16
1615	16
1616	16
1617	16
1618	16
1619	16
1620	16
1621	16
1622	16
1623	16
1624	16
1625	16
1626	16
1627	16
1628	16
1629	16
1630	16
1631	16
1632	16
1633	15
1634	15
1635	15
1636	15
1637	16
1638	16
1639	16
1640	16
1641	16
1642	16
1643	16
1644	17
1645	17
1646	17
1647	17
1648	17
1649	17
1650	17
1651	17
1652	17
1653	17
1654	17
1655	17
1656	17
1657	17
1658	17
1659	17
1660	17
1661	17
1662	17
1663	17
1664	17
1665	17
1666	17
1667	17
1668	17
1669	17
1670	17
1671	16
1672	16
1673	16
1674	16
1675	16
1676	16
1677	16
1678	16
1679	16
1680	16
1681	16
1682	16
1683	16
1684	16
1685	17
1686	17
1687	17
1688	15
1689	16
1690	16
1691	16
1692	16
1693	16
1694	16
1695	16
1696	16
1697	16
1698	16
1699	16
1700	16
1701	16
1702	16
1703	15
1704	15
1705	15
1706	15
1707	15
1708	15
1709	15
1710	15
1711	15
1712	15
1713	15
1714	15
1715	15
1716	15
1717	15
1718	15
1719	15
1720	15
1721	15
1722	15
1723	15
1724	15
1725	15
1726	15
1727	15
1728	15
1729	15
1730	15
1731	15
1732	15
1733	15
1734	15
1735	16
1736	16
1737	16
1738	16
1739	15
1740	15
1741	15
1742	15
1743	15
1744	15
1745	15
1746	15
1747	15
1748	15
1749	16
1750	16
1751	16
1752	16
1753	16
1754	16
1755	16
1756	16
1757	16
1758	15
1759	15
1760	15
1761	16
1762	16
1763	16
1764	16
1765	16
1766	16
1767	16
1768	16
1769	16
1770	16
1771	16
1772	16
1773	16
1774	16
1775	16
1776	16
1777	16
1778	16
1779	16
1780	16
1781	16
1782	16
1783	16
1784	16
1785	13
1786	16
1787	16
1788	16
1789	16
1790	15
1791	15
1792	15
1793	15
1794	15
1795	15
1796	15
1797	15
1798	15
1799	15
1800	15
1801	15
1802	15
1803	15
1804	15
1805	16
1806	16
1807	16
1808	16
1809	16
1810	16
1811	16
1812	16
1813	16
1814	16
1815	16
1816	16
1817	16
1818	16
1819	16
1820	16
1821	16
1822	16
1823	15
1824	15
1825	15
1826	15
1827	15
1828	15
1829	15
1830	15
1831	15
1832	15
1833	15
1834	15
1835	15
1836	15
1837	15
1838	15
1839	15
1840	15
1841	15
1842	15
1843	15
1844	14
1845	14
1846	15
1847	16
1848	16
1849	16
1850	16
1851	16
1852	16
1853	16
1854	16
1855	16
1856	16
1857	16
1858	16
1859	16
1860	17
1861	17
1862	17
1863	17
1864	17
1865	17
1866	17
1867	17
1868	17
1869	17
1870	16
1871	17
1872	17
1873	17
1874	17
1875	17
1876	17
1877	16
1878	16
1879	16
1880	16
1881	16
1882	16
1883	13
1884	13
1885	14
1886	14
1887	15
1888	15
1889	15
1890	15
1891	16
1892	16
1893	16
1894	15
1895	16
1896	16
1897	16
1898	16
1899	16
1900	16
1901	16
1902	16
1903	16
1904	16
1905	16
1906	16
1907	16
1908	16
1909	16
1910	15
1911	15
1912	15
1913	15
1914	15
1915	16
1916	16
1917	16
1918	16
1919	16
1920	15
1921	15
1922	15
1923	15
1924	15
1925	15
1926	15
1927	15
1928	15
1929	15
1930	15
1931	15
1932	15
1933	15
1934	15
1935	16
1936	16
1937	16
1938	15
1939	15
1940	15
1941	15
1942	15
1943	15
1944	15
1945	15
1946	15
1947	15
1948	15
1949	15
1950	15
1951	15
1952	15
1953	15
1954	15
1955	15
1956	15
1957	15
1958	15
1959	15
1960	15
1961	15
1962	15
1963	15
1964	15
1965	15
1966	15
1967	15
1968	15
1969	15
1970	14
1971	14
1972	14
1973	14
1974	14
1975	14
1976	14
1977	14
1978	14
1979	15
1980	15
1981	15
1982	15
1983	15
1984	15
1985	15
1986	15
1987	15
1988	15
1989	15
1990	15
1991	15
1992	15
1993	15
1994	15
1995	15
1996	15
1997	15
1998	15
1999	15
2000	15
2001	15
2002	15
2003	15
2004	15
2005	15
2006	15
2007	15
2008	15
2009	15
2010	15
2011	16
2012	16
2013	16
2014	16
2015	16
2016	16
2017	16
2018	16
2019	15
2020	16
2021	16
2022	16
2023	16
2024	16
2025	16
2026	16
2027	16
2028	16
2029	16
2030	16
2031	16
2032	16
2033	16
2034	16
2035	16
2036	16
2037	16
2038	16
2039	16
2040	16
2041	16
2042	16
2043	16
2044	16
2045	16
2046	16
2047	16
2048	16
2049	16
2050	16
2051	16
2052	16
2053	17
2054	17
2055	17
2056	17
2057	17
2058	17
2059	16
2060	16
2061	16
2062	16
2063	16
2064	16
2065	16
2066	15
2067	15
2068	15
2069	15
2070	15
2071	15
2072	14
2073	14
2074	14
2075	15
2076	15
2077	15
2078	15
2079	15
2080	15
2081	15
2082	17
2083	17
2084	16
2085	16
2086	16
2087	16
2088	16
2089	16
2090	16
2091	16
2092	15
2093	14
2094	14
2095	14
2096	14
2097	14
2098	14
2099	13
2100	13
2101	14
2102	14
2103	14
2104	14
2105	14
2106	14
2107	14
2108	14
2109	14
2110	14
2111	14
2112	15
2113	15
2114	16
2115	16
2116	16
2117	17
2118	17
2119	14
2120	15
2121	17
2122	16
2123	16
2124	16
2125	17
2126	17
2127	17
2128	17
2129	17
2130	17
2131	16
2132	16
2133	16
2134	17
2135	17
2136	17
2137	17
2138	17
2139	17
2140	16
2141	16
2142	16
2143	16
2144	16
2145	16
2146	16
2147	16
2148	16
2149	16
2150	16
2151	16
2152	16
2153	16
2154	16
2155	16
2156	16
2157	16
2158	16
2159	16
2160	16
2161	16
2162	16
2163	16
2164	16
2165	16
2166	16
2167	15
2168	15
2169	16
2170	16
2171	16
2172	16
2173	16
2174	16
2175	16
2176	16
2177	16
2178	16
2179	16
2180	16
2181	16
2182	16
2183	16
2184	16
2185	16
2186	16
2187	16
2188	16
2189	16
2190	16
2191	16
2192	16
2193	16
2194	16
2195	16
2196	16
2197	15
2198	15
2199	15
2200	15
2201	15
2202	16
2203	16
2204	16
2205	16
2206	16
2207	17
2208	17
2209	17
2210	16
2211	16
2212	16
2213	16
2214	16
2215	16
2216	16
2217	16
2218	16
2219	16
2220	16
2221	16
2222	16
2223	16
2224	16
2225	16
2226	16
2227	16
2228	16
2229	16
2230	16
2231	15
2232	16
2233	16
2234	16
2235	16
2236	16
2237	16
2238	16
2239	16
2240	16
2241	16
2242	16
2243	16
2244	16
2245	16
2246	16
2247	16
2248	16
2249	16
2250	16
2251	16
2252	16
2253	16
2254	16
2255	16
2256	16
2257	16
2258	16
2259	16
2260	16
2261	15
2262	15
2263	15
2264	15
2265	15
2266	15
2267	15
2268	15
2269	15
2270	15
2271	15
2272	15
2273	15
2274	15
2275	15
2276	16
2277	16
2278	16
2279	16
2280	16
2281	16
2282	16
2283	16
2284	16
2285	14
2286	14
2287	14
2288	14
2289	14
2290	15
2291	15
2292	15
2293	15
2294	15
2295	15
2296	15
2297	15
2298	15
2299	15
2300	15
2301	15
2302	13
2303	14
2304	14
2305	14
2306	14
2307	14
2308	14
2309	15
2310	15
2311	15
2312	15
2313	14
2314	14
2315	14
2316	14
2317	14
2318	14
2319	14
2320	14
2321	14
2322	15
2323	15
2324	14
2325	14
2326	14
2327	14
2328	15
2329	15
2330	15
2331	15
2332	15
2333	15
2334	15
2335	15
2336	16
2337	16
2338	16
2339	16
2340	16
2341	16
2342	16
2343	16
2344	16
2345	16
2346	16
2347	16
2348	16
2349	15
2350	15
2351	14
2352	15
2353	15
2354	15
2355	15
2356	15
2357	15
2358	15
2359	15
2360	15
2361	15
2362	15
2363	16
2364	16
2365	16
2366	16
2367	16
2368	16
2369	16
2370	16
2371	16
2372	16
2373	15
2374	15
2375	16
2376	16
2377	16
2378	15
2379	15
2380	15
2381	15
2382	15
2383	15
2384	15
2385	15
2386	15
2387	14
2388	14
2389	14
2390	14
2391	14
2392	14
2393	15
2394	15
2395	15
2396	16
2397	16
2398	16
2399	16
2400	16
2401	17
2402	17
2403	17
2404	17
2405	17
2406	17
2407	17
2408	17
2409	17
2410	17
2411	17
2412	17
2413	17
2414	17
2415	13
2416	14
2417	14
2418	16
2419	16
2420	16
2421	16
2422	16
2423	16
2424	16
2425	15
2426	15
2427	15
2428	14
2429	15
2430	15
2431	15
2432	15
2433	15
2434	15
2435	15
2436	15
2437	15
2438	14
2439	14
2440	14
2441	14
2442	14
2443	14
2444	14
2445	15
2446	15
2447	15
2448	15
2449	15
2450	15
2451	15
2452	15
2453	15
2454	15
2455	16
2456	16
2457	16
2458	16
2459	16
2460	16
2461	16
2462	16
2463	16
2464	16
2465	16
2466	16
2467	14
2468	15
2469	15
2470	14
2471	15
2472	15
2473	16
2474	16
2475	16
2476	16
2477	16
2478	16
2479	16
2480	16
2481	16
2482	16
2483	16
2484	16
2485	15
2486	15
2487	15
2488	14
2489	16
2490	16
2491	16
2492	15
2493	15
2494	16
2495	16
2496	16
2497	16
2498	16
2499	16
2500	16
2501	15
2502	15
2503	15
2504	15
2505	15
2506	15
2507	14
2508	14
2509	14
2510	14
2511	16
2512	14
2513	14
2514	14
2515	14
2516	15
2517	15
2518	16
2519	16
2520	16
2521	16
2522	16
2523	16
2524	16
2525	16
2526	16
2527	16
2528	16
2529	16
2530	16
2531	16
2532	16
2533	16
2534	16
2535	16
2536	16
2537	16
2538	16
2539	16
2540	16
2541	16
2542	15
2543	15
2544	15
2545	16
2546	16
2547	16
2548	16
2549	16
2550	16
2551	16
2552	16
2553	17
2554	16
2555	15
2556	15
2557	15
2558	15
2559	15
2560	15
2561	15
2562	15
2563	15
2564	15
2565	15
2566	15
2567	15
2568	15
2569	15
2570	15
2571	15
2572	15
2573	15
2574	15
2575	15
2576	15
2577	15
2578	15
2579	14
2580	14
2581	14
2582	14
2583	14
2584	14
2585	15
2586	15
2587	15
2588	15
2589	16
2590	16
2591	16
2592	16
2593	16
2594	16
2595	16
2596	16
2597	16
2598	16
2599	16
2600	16
2601	16
2602	17
2603	17
2604	17
2605	17
2606	17
2607	17
2608	17
2609	17
2610	17
2611	17
2612	17
2613	17
2614	17
2615	17
2616	17
2617	15
2618	16
2619	16
2620	16
2621	16
2622	16
2623	16
2624	16
2625	16
2626	16
2627	16
2628	16
2629	16
2630	16
2631	16
2632	16
2633	16
2634	16
2635	16
2636	14
2637	14
2638	14
2639	14
2640	14
2641	14
2642	14
2643	14
2644	14
2645	14
2646	14
2647	14
2648	14
2649	14
2650	14
2651	14
2652	15
2653	15
2654	15
2655	15
2656	15
2657	15
2658	15
2659	15
2660	15
2661	16
2662	16
2663	16
2664	16
2665	16
2666	16
2667	16
2668	16
2669	15
2670	14
2671	14
2672	14
2673	14
2674	14
2675	14
2676	14
2677	14
2678	14
2679	14
2680	14
2681	14
2682	14
2683	14
2684	14
2685	14
2686	14
2687	14
2688	14
2689	15
2690	15
2691	15
2692	15
2693	14
2694	14
2695	14
2696	14
2697	15
2698	15
2699	15
2700	15
2701	15
2702	15
2703	15
2704	16
2705	16
2706	16
2707	16
2708	15
2709	15
2710	15
2711	15
2712	15
2713	15
2714	15
2715	15
2716	15
2717	15
2718	15
2719	15
2720	14
2721	14
2722	15
2723	15
2724	15
2725	15
2726	15
2727	15
2728	15
2729	15
2730	15
2731	15
2732	15
2733	13
2734	12
2735	12
2736	12
2737	13
2738	14
2739	14
2740	15
2741	15
2742	15
2743	15
2744	16
2745	16
2746	16
2747	16
2748	17
2749	17
2750	17
2751	17
2752	17
2753	17
2754	17
2755	17
2756	17
2757	17
2758	17
2759	17
2760	17
2761	17
2762	14
2763	15
2764	15
2765	14
2766	14
2767	14
2768	14
2769	14
2770	14
2771	14
2772	14
2773	14
2774	15
2775	14
2776	15
2777	15
2778	15
2779	15
2780	15
2781	15
2782	16
2783	16
2784	15
2785	15
2786	15
2787	15
2788	16
2789	16
2790	16
2791	16
2792	16
2793	16
2794	16
2795	16
2796	16
2797	16
2798	16
2799	16
2800	16
2801	16
2802	16
2803	16
2804	16
2805	16
2806	16
2807	16
2808	16
2809	16
2810	16
2811	16
2812	16
2813	16
2814	16
2815	16
2816	16
2817	16
2818	16
2819	16
2820	16
2821	16
2822	16
2823	16
2824	14
2825	16
2826	16
2827	16
2828	16
2829	16
2830	16
2831	16
2832	16
2833	16
2834	16
2835	16
2836	16
2837	16
2838	17
2839	17
2840	17
2841	15
2842	15
2843	15
2844	15
2845	15
2846	15
2847	16
2848	16
2849	17
2850	17
2851	17
2852	17
2853	17
2854	17
2855	17
2856	17
2857	17
2858	17
2859	17
2860	17
2861	17
2862	17
2863	17
2864	17
2865	17
2866	15
2867	15
2868	15
2869	15
2870	15
2871	15
2872	15
2873	15
2874	15
2875	15
2876	15
2877	15
2878	15
2879	15
2880	15
2881	15
2882	16
2883	16
2884	15
2885	15
2886	15
2887	15
2888	15
2889	15
2890	15
2891	15
2892	15
2893	15
2894	15
2895	14
2896	14
2897	14
2898	14
2899	14
2900	15
2901	15
2902	15
2903	15
2904	15
2905	15
2906	14
2907	14
2908	14
2909	14
2910	14
2911	14
2912	14
2913	14
2914	14
2915	14
2916	14
2917	14
2918	14
2919	14
2920	14
2921	14
2922	14
2923	14
2924	14
2925	14
2926	14
2927	14
2928	14
2929	14
2930	14
2931	15
2932	15
2933	15
2934	15
2935	13
2936	13
2937	14
2938	14
2939	14
2940	14
2941	14
2942	14
2943	14
2944	14
2945	14
2946	15
2947	15
2948	15
2949	15
2950	15
2951	15
2952	15
2953	14
2954	14
2955	14
2956	14
2957	14
2958	14
2959	14
2960	14
2961	14
2962	14
2963	14
2964	14
2965	14
2966	14
2967	14
2968	12
2969	12
2970	12
2971	12
2972	12
2973	12
2974	13
2975	13
2976	13
2977	13
2978	13
2979	13
2980	13
2981	13
2982	13
2983	13
2984	13
2985	14
2986	14
2987	14
2988	14
2989	13
2990	13
2991	13
2992	13
2993	14
2994	14
2995	14
2996	14
2997	14
2998	13
2999	14
3000	14
3001	14
3002	14
3003	14
3004	14
3005	14
3006	14
3007	14
3008	14
3009	14
3010	14
3011	14
3012	14
3013	14
3014	14
3015	14
3016	15
3017	16
3018	16
3019	16
3020	16
3021	16
3022	15
3023	15
3024	15
3025	15
3026	15
3027	15
3028	15
3029	14
3030	15
3031	15
3032	15
3033	15
3034	15
3035	15
3036	15
3037	15
3038	15
3039	15
3040	14
3041	15
3042	15
3043	15
3044	16
3045	16
3046	16
3047	16
3048	16
3049	16
3050	16
3051	16
3052	16
3053	16
3054	17
3055	17
3056	17
3057	17
3058	16
3059	16
3060	16
3061	15
3062	15
3063	15
3064	15
3065	15
3066	15
3067	15
3068	15
3069	15
3070	15
3071	15
3072	15
3073	15
3074	15
3075	15
3076	15
3077	15
3078	15
3079	15
3080	15
3081	15
3082	15
3083	15
3084	14
3085	14
3086	13
3087	15
3088	15
3089	15
3090	15
3091	15
3092	15
3093	16
3094	16
3095	16
3096	16
3097	16
3098	16
3099	16
3100	16
3101	16
3102	16
3103	16
3104	16
3105	16
3106	16
3107	16
3108	16
3109	16
3110	16
3111	16
3112	16
3113	16
3114	16
3115	15
3116	15
3117	15
3118	15
3119	15
3120	14
3121	14
3122	14
3123	15
3124	15
3125	14
3126	14
3127	14
3128	14
3129	14
3130	14
3131	14
3132	14
3133	14
3134	14
3135	14
3136	14
3137	14
3138	14
3139	14
3140	14
3141	14
3142	14
3143	15
3144	15
3145	16
3146	16
3147	16
3148	15
3149	15
3150	15
3151	15
3152	15
3153	16
3154	15
3155	16
3156	16
3157	16
3158	16
3159	16
3160	16
3161	16
3162	16
3163	16
3164	16
3165	16
3166	16
3167	15
3168	14
3169	14
3170	15
3171	14
3172	14
3173	14
3174	14
3175	15
3176	15
3177	15
3178	14
3179	14
3180	13
3181	13
3182	13
3183	13
3184	12
3185	12
3186	12
3187	13
3188	13
3189	14
3190	13
3191	13
3192	13
3193	13
3194	13
3195	13
3196	13
3197	14
3198	14
3199	14
3200	14
3201	14
3202	14
3203	14
3204	14
3205	14
3206	13
3207	13
3208	13
3209	13
3210	14
3211	14
3212	14
3213	14
3214	14
3215	14
3216	14
3217	14
3218	14
3219	14
3220	14
3221	14
3222	14
3223	14
3224	14
3225	14
3226	13
3227	13
3228	13
3229	13
3230	13
3231	14
3232	14
3233	15
3234	15
3235	15
3236	15
3237	15
3238	15
3239	15
3240	15
3241	15
3242	15
3243	15
3244	15
3245	15
3246	15
3247	15
3248	15
3249	15
3250	15
3251	15
3252	15
3253	15
3254	15
3255	15
3256	16
3257	16
3258	16
3259	16
3260	16
3261	16
3262	16
3263	15
3264	16
3265	16
3266	16
3267	15
3268	14
3269	14
3270	15
3271	15
3272	15
3273	15
3274	15
3275	15
3276	15
3277	15
3278	15
3279	15
3280	15
3281	14
3282	13
3283	14
3284	14
3285	14
3286	14
3287	14
3288	15
3289	15
3290	15
3291	15
3292	15
3293	15
3294	15
3295	15
3296	15
3297	15
3298	16
3299	16
3300	16
3301	16
3302	16
3303	16
3304	16
3305	16
3306	16
3307	15
3308	15
3309	15
3310	15
3311	15
3312	15
3313	15
3314	15
3315	15
3316	15
3317	15
3318	15
3319	16
3320	16
3321	16
3322	16
3323	16
3324	16
3325	15
3326	15
3327	16
3328	16
3329	16
3330	16
3331	16
3332	15
3333	15
3334	15
3335	16
3336	16
3337	16
3338	16
3339	16
3340	16
3341	16
3342	16
3343	16
3344	16
3345	16
3346	16
3347	16
3348	16
3349	16
3350	16
3351	16
3352	15
3353	15
3354	15
3355	15
3356	15
3357	15
3358	16
3359	15
3360	15
3361	15
3362	15
3363	15
3364	15
3365	15
3366	15
3367	15
3368	15
3369	14
3370	12
3371	13
3372	13
3373	13
3374	16
3375	16
3376	15
3377	15
3378	15
3379	15
3380	15
3381	15
3382	15
3383	15
3384	15
3385	15
3386	14
3387	14
3388	14
3389	14
3390	14
3391	14
3392	14
3393	15
3394	13
3395	13
3396	12
3397	13
3398	11
3399	13
3400	13
3401	13
3402	13
3403	13
3404	13
3405	13
3406	13
3407	13
3408	13
3409	13
3410	13
3411	13
3412	14
3413	15
3414	15
3415	15
3416	15
3417	15
3418	15
3419	15
3420	15
3421	15
3422	15
3423	15
3424	15
3425	15
3426	15
3427	15
3428	15
3429	15
3430	15
3431	15
3432	15
3433	15
3434	16
3435	16
3436	16
3437	16
3438	16
3439	16
3440	15
3441	13
3442	13
3443	13
3444	13
3445	13
3446	13
3447	13
3448	13
3449	12
3450	12
3451	12
3452	14
3453	15
3454	15
3455	15
3456	15
3457	14
3458	14
3459	14
3460	14
3461	14
3462	14
3463	15
3464	15
3465	14
3466	14
3467	15
3468	15
3469	14
3470	13
3471	13
3472	13
3473	13
3474	14
3475	14
3476	13
3477	13
3478	13
3479	15
3480	15
3481	14
3482	14
3483	13
3484	13
3485	13
3486	13
3487	13
3488	13
3489	14
3490	14
3491	14
3492	14
3493	14
3494	15
3495	15
3496	15
3497	14
3498	14
3499	14
3500	14
3501	14
3502	14
3503	14
3504	14
3505	14
3506	14
3507	14
3508	15
3509	14
3510	14
3511	15
3512	15
3513	15
3514	14
3515	14
3516	14
3517	14
3518	14
3519	14
3520	14
3521	14
3522	14
3523	14
3524	14
3525	14
3526	14
3527	14
3528	15
3529	15
3530	15
3531	15
3532	14
3533	15
3534	15
3535	15
3536	15
3537	15
3538	15
3539	15
3540	15
3541	15
3542	15
3543	17
3544	15
3545	15
3546	15
3547	15
3548	15
3549	15
3550	15
3551	16
3552	16
3553	16
3554	16
3555	16
3556	15
3557	15
3558	14
3559	14
3560	14
3561	14
3562	14
3563	14
3564	14
3565	15
3566	15
3567	15
3568	13
3569	13
3570	13
3571	14
3572	14
3573	14
3574	14
3575	14
3576	14
3577	14
3578	14
3579	14
3580	15
3581	15
3582	15
3583	15
3584	15
3585	15
3586	15
3587	15
3588	15
3589	15
3590	15
3591	15
3592	15
3593	15
3594	14
3595	14
3596	15
3597	15
3598	15
3599	16
3600	16
3601	16
3602	16
3603	16
3604	16
3605	16
3606	16
3607	16
3608	16
3609	16
3610	16
3611	17
3612	17
3613	17
3614	17
3615	17
3616	17
3617	17
3618	15
3619	15
3620	15
3621	15
3622	15
3623	15
3624	16
3625	16
3626	15
3627	16
3628	16
3629	13
3630	11
3631	14
3632	14
3633	15
3634	15
3635	15
3636	15
3637	15
3638	15
3639	14
3640	14
3641	14
3642	14
3643	15
3644	15
3645	15
3646	15
3647	15
3648	15
3649	15
3650	15
3651	15
3652	15
3653	15
3654	15
3655	15
3656	15
3657	15
3658	15
3659	15
3660	15
3661	15
3662	15
3663	15
3664	15
3665	15
3666	15
3667	15
3668	15
3669	15
3670	15
3671	15
3672	14
3673	15
3674	14
3675	14
3676	14
3677	14
3678	14
3679	14
3680	14
3681	14
3682	14
3683	14
3684	14
3685	13
3686	12
3687	12
3688	12
3689	12
3690	12
3691	13
3692	13
3693	13
3694	13
3695	13
3696	13
3697	13
3698	14
3699	14
3700	14
3701	14
3702	14
3703	14
3704	14
3705	15
3706	15
3707	15
3708	15
3709	15
3710	16
3711	15
3712	15
3713	14
3714	15
3715	15
3716	15
3717	16
3718	16
3719	16
3720	16
3721	16
3722	16
3723	16
3724	16
3725	16
3726	16
3727	16
3728	16
3729	16
3730	16
3731	16
3732	16
3733	16
3734	16
3735	16
3736	16
3737	16
3738	15
3739	14
3740	14
3741	15
3742	15
3743	15
3744	15
3745	15
3746	15
3747	16
3748	15
3749	15
3750	16
3751	16
3752	15
3753	14
3754	14
3755	15
3756	15
3757	15
3758	15
3759	15
3760	15
3761	15
3762	15
3763	15
3764	15
3765	15
3766	15
3767	15
3768	16
3769	16
3770	16
3771	16
3772	16
3773	16
3774	16
3775	16
3776	16
3777	16
3778	16
3779	16
3780	16
3781	16
3782	16
3783	16
3784	16
3785	16
3786	16
3787	16
3788	16
3789	15
3790	15
3791	15
3792	15
3793	15
3794	15
3795	15
3796	16
3797	15
3798	15
3799	15
3800	14
3801	14
3802	14
3803	14
3804	14
3805	14
3806	14
3807	14
3808	14
3809	14
3810	14
3811	14
3812	14
3813	14
3814	14
3815	15
3816	16
3817	16
3818	16
3819	16
3820	16
3821	15
3822	15
3823	15
3824	16
3825	16
3826	16
3827	16
3828	16
3829	16
3830	16
3831	16
3832	16
3833	16
3834	16
3835	15
3836	14
3837	14
3838	15
3839	15
3840	16
3841	16
3842	16
3843	16
3844	15
3845	15
3846	15
3847	15
3848	15
3849	15
3850	15
3851	15
3852	15
3853	15
3854	15
3855	15
3856	15
3857	14
3858	14
3859	14
3860	14
3861	15
3862	15
3863	15
3864	15
3865	15
3866	15
3867	15
3868	15
3869	15
3870	15
3871	15
3872	15
3873	15
3874	15
3875	15
3876	15
3877	15
3878	15
3879	15
3880	15
3881	15
3882	14
3883	14
3884	14
3885	14
3886	14
3887	14
3888	14
3889	14
3890	14
3891	14
3892	14
3893	14
3894	14
3895	14
3896	14
3897	13
3898	13
3899	14
3900	13
3901	13
3902	13
3903	13
3904	14
3905	14
3906	14
3907	14
3908	14
3909	14
3910	14
3911	14
3912	14
3913	14
3914	14
3915	14
3916	14
3917	14
3918	14
3919	14
3920	14
3921	14
3922	14
3923	15
3924	15
3925	15
3926	15
3927	15
3928	14
3929	14
3930	14
3931	13
3932	13
3933	14
3934	14
3935	15
3936	15
3937	15
3938	15
3939	15
3940	15
3941	15
3942	15
3943	15
3944	15
3945	15
3946	15
3947	15
3948	15
3949	15
3950	15
3951	15
3952	15
3953	15
3954	15
3955	15
3956	14
3957	14
3958	14
3959	14
3960	16
3961	15
3962	14
3963	14
3964	14
3965	14
3966	14
3967	14
3968	14
3969	14
3970	15
3971	15
3972	16
3973	16
3974	16
3975	16
3976	15
3977	15
3978	15
3979	15
3980	16
3981	16
3982	16
3983	16
3984	17
3985	17
3986	17
3987	17
3988	17
3989	17
3990	17
3991	17
3992	17
3993	17
3994	15
3995	16
3996	16
3997	16
3998	16
3999	16
4000	15
4001	14
4002	14
4003	14
4004	14
4005	14
4006	14
4007	14
4008	14
4009	14
4010	14
4011	14
4012	14
4013	15
4014	15
4015	16
4016	15
4017	15
4018	15
4019	15
4020	15
4021	15
4022	14
4023	14
4024	14
4025	14
4026	14
4027	14
4028	14
4029	14
4030	14
4031	14
4032	14
4033	13
4034	13
4035	13
4036	13
4037	13
4038	13
4039	13
4040	14
4041	14
4042	14
4043	13
4044	13
4045	13
4046	13
4047	13
4048	13
4049	14
4050	13
4051	13
4052	13
4053	14
4054	14
4055	14
4056	14
4057	14
4058	14
4059	13
4060	14
4061	15
4062	15
4063	15
4064	15
4065	15
4066	15
4067	15
4068	15
4069	15
4070	15
4071	15
4072	15
4073	15
4074	15
4075	15
4076	15
4077	15
4078	15
4079	15
4080	15
4081	15
4082	15
4083	15
4084	15
4085	15
4086	15
4087	15
4088	15
4089	15
4090	15
4091	15
4092	15
4093	15
4094	15
4095	15
4096	15
4097	15
4098	15
4099	13
4100	14
4101	14
4102	14
4103	15
4104	14
4105	15
4106	15
4107	15
4108	15
4109	14
4110	14
4111	14
4112	14
4113	14
4114	14
4115	14
4116	14
4117	14
4118	15
4119	15
4120	15
4121	15
4122	15
4123	15
4124	14
4125	14
4126	15
4127	15
4128	15
4129	15
4130	15
4131	15
4132	15
4133	15
4134	15
4135	15
4136	15
4137	15
4138	15
4139	15
4140	15
4141	15
4142	16
4143	16
4144	16
4145	16
4146	16
4147	15
4148	15
4149	15
4150	15
4151	15
4152	15
4153	15
4154	16
4155	16
4156	16
4157	16
4158	16
4159	16
4160	16
4161	16
4162	16
4163	16
4164	16
4165	16
4166	16
4167	16
4168	16
4169	16
4170	16
4171	16
4172	16
4173	16
4174	16
4175	16
4176	16
4177	16
4178	16
4179	16
4180	17
4181	15
4182	15
4183	15
4184	15
4185	14
4186	14
4187	14
4188	14
4189	14
4190	14
4191	14
4192	14
4193	13
4194	13
4195	13
4196	13
4197	13
4198	13
4199	14
4200	14
4201	14
4202	14
4203	14
4204	14
4205	13
4206	13
4207	13
4208	13
4209	13
4210	14
4211	14
4212	14
4213	14
4214	14
4215	14
4216	14
4217	14
4218	14
4219	14
4220	14
4221	14
4222	14
4223	14
4224	14
4225	14
4226	14
4227	14
4228	14
4229	12
4230	12
4231	12
4232	12
4233	12
4234	12
4235	12
4236	12
4237	12
4238	12
4239	12
4240	12
4241	12
4242	10
4243	11
4244	11
4245	11
4246	11
4247	12
4248	12
4249	12
4250	12
4251	12
4252	12
4253	12
4254	12
4255	12
4256	12
4257	12
4258	13
4259	13
4260	13
4261	13
4262	14
4263	14
4264	15
4265	15
4266	15
4267	15
4268	15
4269	15
4270	16
4271	16
4272	16
4273	16
4274	16
4275	16
4276	13
4277	16
4278	16
4279	16
4280	16
4281	16
4282	16
4283	16
4284	16
4285	16
4286	16
4287	16
4288	16
4289	16
4290	16
4291	16
4292	16
4293	16
4294	16
4295	16
4296	14
4297	16
4298	16
4299	14
4300	15
4301	15
4302	15
4303	15
4304	15
4305	15
4306	15
4307	11
4308	11
4309	11
4310	11
4311	11
4312	11
4313	11
4314	11
4315	11
4316	12
4317	12
4318	12
4319	12
4320	16
4321	16
4322	16
4323	16
4324	16
4325	16
4326	16
4327	16
4328	16
4329	16
4330	16
4331	16
4332	16
4333	16
4334	16
4335	16
4336	16
4337	16
4338	16
4339	16
4340	16
4341	16
4342	15
4343	15
4344	15
4345	15
4346	15
4347	15
4348	15
4349	15
4350	15
4351	15
4352	15
4353	15
4354	15
4355	15
4356	15
4357	15
4358	15
4359	15
4360	15
4361	15
4362	15
4363	15
4364	15
4365	15
4366	15
4367	15
4368	15
4369	15
4370	15
4371	15
4372	15
4373	15
4374	14
4375	14
4376	14
4377	14
4378	14
4379	14
4380	14
4381	14
4382	14
4383	14
4384	14
4385	14
4386	14
4387	14
4388	14
4389	13
4390	13
4391	13
4392	14
4393	14
4394	14
4395	14
4396	14
4397	13
4398	13
4399	13
4400	13
4401	13
4402	13
4403	13
4404	13
4405	14
4406	14
4407	14
4408	14
4409	14
4410	14
4411	14
4412	14
4413	14
4414	14
4415	15
4416	15
4417	15
4418	15
4419	15
4420	15
4421	14
4422	14
4423	14
4424	14
4425	14
4426	14
4427	14
4428	14
4429	14
4430	14
4431	14
4432	14
4433	14
4434	14
4435	14
4436	14
4437	14
4438	14
4439	14
4440	14
4441	14
4442	14
4443	14
4444	14
4445	14
4446	14
4447	14
4448	14
4449	14
4450	14
4451	14
4452	14
4453	15
4454	15
4455	15
4456	15
4457	15
4458	14
4459	14
4460	14
4461	15
4462	15
4463	15
4464	15
4465	15
4466	14
4467	15
4468	15
4469	15
4470	15
4471	15
4472	15
4473	15
4474	15
4475	16
4476	16
4477	16
4478	15
4479	15
4480	15
4481	15
4482	15
4483	15
4484	15
4485	15
4486	15
4487	14
4488	14
4489	14
4490	14
4491	14
4492	13
4493	14
4494	14
4495	14
4496	14
4497	14
4498	14
4499	14
4500	14
4501	14
4502	14
4503	14
4504	14
4505	14
4506	14
4507	14
4508	14
4509	14
4510	14
4511	12
4512	12
4513	12
4514	13
4515	13
4516	11
4517	10
4518	10
4519	10
4520	11
4521	12
4522	12
4523	12
4524	13
4525	12
4526	13
4527	14
4528	13
4529	13
4530	13
4531	13
4532	13
4533	14
4534	14
4535	15
4536	15
4537	15
4538	15
4539	15
4540	16
4541	16
4542	16
4543	16
4544	16
4545	16
4546	15
4547	15
4548	15
4549	15
4550	15
4551	15
4552	15
4553	15
4554	15
4555	16
4556	16
4557	16
4558	15
4559	15
4560	15
4561	15
4562	15
4563	15
4564	15
4565	15
4566	14
4567	14
4568	14
4569	14
4570	14
4571	14
4572	14
4573	14
4574	14
4575	14
4576	14
4577	15
4578	15
4579	15
4580	15
4581	14
4582	14
4583	14
4584	15
4585	15
4586	15
4587	15
4588	15
4589	15
4590	15
4591	13
4592	12
4593	12
4594	12
4595	12
4596	12
4597	12
4598	11
4599	11
4600	10
4601	12
4602	12
4603	12
4604	12
4605	12
4606	12
4607	12
4608	12
4609	12
4610	12
4611	12
4612	12
4613	12
4614	12
4615	12
4616	12
4617	12
4618	12
4619	13
4620	13
4621	13
4622	13
4623	13
4624	13
4625	13
4626	13
4627	13
4628	13
4629	15
4630	14
4631	14
4632	14
4633	14
4634	14
4635	14
4636	14
4637	13
4638	14
4639	14
4640	14
4641	14
4642	14
4643	14
4644	14
4645	14
4646	14
4647	15
4648	15
4649	15
4650	15
4651	15
4652	15
4653	15
4654	15
4655	15
4656	14
4657	13
4658	13
4659	13
4660	13
4661	13
4662	12
4663	12
4664	12
4665	14
4666	14
4667	14
4668	15
4669	15
4670	15
4671	15
4672	15
4673	15
4674	14
4675	14
4676	14
4677	14
4678	15
4679	15
4680	15
4681	15
4682	15
4683	14
4684	14
4685	15
4686	15
4687	16
4688	16
4689	15
4690	15
4691	15
4692	15
4693	15
4694	14
4695	14
4696	14
4697	14
4698	14
4699	15
4700	15
4701	14
4702	14
4703	14
4704	14
4705	14
4706	14
4707	14
4708	13
4709	13
4710	13
4711	13
4712	13
4713	13
4714	13
4715	13
4716	13
4717	13
4718	13
4719	13
4720	13
4721	13
4722	13
4723	12
4724	12
4725	12
4726	12
4727	12
4728	12
4729	12
4730	12
4731	12
4732	13
4733	13
4734	14
4735	15
4736	15
4737	15
4738	15
4739	15
4740	15
4741	15
4742	15
4743	16
4744	16
4745	14
4746	14
4747	14
4748	14
4749	14
4750	14
4751	14
4752	14
4753	14
4754	14
4755	13
4756	13
4757	13
4758	13
4759	13
4760	13
4761	14
4762	14
4763	14
4764	14
4765	14
4766	14
4767	14
4768	14
4769	14
4770	13
4771	13
4772	13
4773	13
4774	13
4775	13
4776	13
4777	13
4778	13
4779	13
4780	13
4781	13
4782	15
4783	15
4784	15
4785	15
4786	15
4787	14
4788	14
4789	13
4790	13
4791	13
4792	13
4793	13
4794	13
4795	13
4796	13
4797	13
4798	13
4799	13
4800	13
4801	13
4802	15
4803	15
4804	15
4805	15
4806	15
4807	14
4808	14
4809	14
4810	12
4811	12
4812	13
4813	13
4814	13
4815	13
4816	12
4817	12
4818	12
4819	13
4820	13
4821	13
4822	13
4823	13
4824	14
4825	14
4826	14
4827	14
4828	14
4829	14
4830	14
4831	15
4832	15
4833	15
4834	15
4835	15
4836	15
4837	15
4838	15
4839	15
4840	14
4841	15
4842	16
4843	16
4844	16
4845	16
4846	16
4847	16
4848	15
4849	15
4850	15
4851	15
4852	15
4853	15
4854	15
4855	15
4856	15
4857	15
4858	15
4859	15
4860	15
4861	16
4862	15
4863	14
4864	14
4865	14
4866	14
4867	14
4868	14
4869	13
4870	13
4871	14
4872	14
4873	14
4874	14
4875	14
4876	14
4877	14
4878	13
4879	13
4880	12
4881	12
4882	10
4883	10
4884	12
4885	14
4886	13
4887	13
4888	13
4889	13
4890	13
4891	13
4892	14
4893	14
4894	14
4895	15
4896	15
4897	15
4898	15
4899	15
4900	14
4901	14
4902	14
4903	14
4904	14
4905	13
4906	13
4907	13
4908	13
4909	13
4910	13
4911	13
4912	14
4913	14
4914	13
4915	14
4916	15
4917	15
4918	15
4919	15
4920	15
4921	15
4922	15
4923	15
4924	15
4925	15
4926	15
4927	15
4928	14
4929	14
4930	13
4931	13
4932	13
4933	13
4934	13
4935	15
4936	15
4937	15
4938	15
4939	15
4940	15
4941	15
4942	15
4943	13
4944	13
4945	13
4946	13
4947	13
4948	13
4949	13
4950	11
4951	11
4952	14
4953	14
4954	13
4955	13
4956	13
4957	14
4958	14
4959	14
4960	14
4961	13
4962	14
4963	14
4964	13
4965	13
4966	13
4967	13
4968	13
4969	13
4970	13
4971	13
4972	13
4973	13
4974	15
4975	15
4976	14
4977	14
4978	14
4979	14
4980	14
4981	14
4982	14
4983	14
4984	14
4985	14
4986	14
4987	14
4988	14
4989	15
4990	15
4991	15
4992	14
4993	14
4994	14
4995	15
4996	15
4997	16
4998	16
4999	16
5000	16
5001	16
5002	16
5003	16
5004	16
5005	15
5006	14
5007	14
5008	14
5009	13
5010	13
5011	14
5012	14
5013	14
5014	14
5015	14
5016	14
5017	14
5018	15
5019	14
5020	14
5021	14
5022	14
5023	14
5024	14
5025	14
5026	14
5027	15
5028	15
5029	15
5030	16
5031	14
5032	13
5033	15
5034	15
5035	14
5036	14
5037	14
5038	14
5039	14
5040	14
5041	14
5042	14
5043	14
5044	13
5045	13
5046	13
5047	13
5048	13
5049	14
5050	14
5051	14
5052	12
5053	12
5054	12
5055	12
5056	13
5057	13
5058	13
5059	13
5060	13
5061	13
5062	13
5063	13
5064	12
5065	12
5066	13
5067	13
5068	13
5069	12
5070	12
5071	12
5072	13
5073	12
5074	12
5075	12
5076	12
5077	12
5078	12
5079	12
5080	12
5081	13
5082	11
5083	11
5084	11
5085	11
5086	11
5087	11
5088	11
5089	11
5090	10
5091	11
5092	11
5093	11
5094	11
5095	11
5096	11
5097	15
5098	15
5099	15
5100	15
5101	13
5102	13
5103	13
5104	13
5105	13
5106	13
5107	13
5108	13
5109	13
5110	13
5111	13
5112	13
5113	12
5114	12
5115	12
5116	12
5117	12
5118	12
5119	12
5120	12
5121	13
5122	12
5123	11
5124	11
5125	11
5126	12
5127	12
5128	12
5129	12
5130	12
5131	12
5132	12
5133	12
5134	12
5135	12
5136	12
5137	12
5138	14
5139	14
5140	14
5141	14
5142	14
5143	14
5144	14
5145	14
5146	14
5147	14
5148	14
5149	14
5150	14
5151	14
5152	14
5153	14
5154	14
5155	14
5156	13
5157	13
5158	13
5159	13
5160	13
5161	13
5162	13
5163	13
5164	13
5165	13
5166	13
5167	15
5168	15
5169	15
5170	14
5171	14
5172	14
5173	14
5174	14
5175	14
5176	13
5177	13
5178	13
5179	13
5180	13
5181	13
5182	13
5183	13
5184	13
5185	13
5186	13
5187	13
5188	13
5189	13
5190	13
5191	13
5192	13
5193	13
5194	12
5195	12
5196	13
5197	13
5198	13
5199	11
5200	11
5201	11
5202	12
5203	12
5204	13
5205	13
5206	13
5207	13
5208	13
5209	13
5210	14
5211	14
5212	13
5213	14
5214	15
5215	15
5216	16
5217	16
5218	16
5219	16
5220	15
5221	15
5222	15
5223	15
5224	16
5225	16
5226	16
5227	16
5228	16
5229	16
5230	15
5231	15
5232	15
5233	15
5234	15
5235	15
5236	15
5237	14
5238	14
5239	14
5240	14
5241	14
5242	14
5243	14
5244	14
5245	14
5246	14
5247	14
5248	14
5249	15
5250	15
5251	15
5252	15
5253	15
5254	15
5255	15
5256	16
5257	16
5258	15
5259	15
5260	15
5261	17
5262	15
5263	15
5264	13
5265	14
5266	15
5267	17
5268	17
5269	17
5270	14
5271	14
5272	14
5273	14
5274	14
5275	14
5276	11
5277	12
5278	12
5279	13
5280	17
5281	16
5282	16
5283	15
5284	14
5285	14
5286	14
5287	14
5288	14
5289	14
5290	14
5291	14
5292	14
5293	14
5294	14
5295	14
5296	13
5297	14
5298	15
5299	15
5300	14
5301	15
5302	15
5303	15
5304	14
5305	14
5306	13
5307	13
5308	13
5309	13
5310	13
5311	14
5312	14
5313	14
5314	14
5315	14
5316	14
5317	14
5318	14
5319	13
5320	13
5321	13
5322	14
5323	13
5324	13
5325	14
5326	14
5327	16
5328	15
5329	14
5330	14
5331	14
5332	16
5333	16
5334	15
5335	15
5336	15
5337	15
5338	15
5339	15
5340	15
5341	15
5342	14
5343	14
5344	15
5345	15
5346	15
5347	17
5348	17
5349	17
5350	16
5351	16
5352	16
5353	14
5354	14
5355	12
5356	12
5357	12
5358	12
5359	12
5360	12
5361	12
5362	13
5363	13
5364	13
5365	12
5366	13
5367	13
5368	14
5369	13
5370	13
5371	13
5372	13
5373	13
5374	14
5375	13
5376	13
5377	14
5378	14
5379	14
5380	14
5381	14
5382	14
5383	14
5384	14
5385	14
5386	14
5387	14
5388	14
5389	14
5390	14
5391	14
5392	14
5393	14
5394	14
5395	14
5396	14
5397	14
5398	12
5399	12
5400	12
5401	11
5402	12
5403	12
5404	12
5405	12
5406	12
5407	12
5408	12
5409	12
5410	12
5411	12
5412	12
5413	12
5414	12
5415	12
5416	12
5417	12
5418	13
5419	13
5420	13
5421	14
5422	14
5423	14
5424	14
5425	14
5426	12
5427	12
5428	12
5429	12
5430	12
5431	12
5432	12
5433	12
5434	12
5435	13
5436	13
5437	13
5438	13
5439	13
5440	13
5441	13
5442	14
5443	15
5444	15
5445	14
5446	13
5447	13
5448	13
5449	13
5450	14
5451	14
5452	14
5453	14
5454	14
5455	14
5456	14
5457	13
5458	13
5459	13
5460	13
5461	13
5462	13
5463	12
5464	12
5465	12
5466	12
5467	12
5468	12
5469	12
5470	12
5471	14
5472	13
5473	13
5474	13
5475	13
5476	13
5477	13
5478	12
5479	13
5480	12
5481	12
5482	12
5483	12
5484	12
5485	12
5486	12
5487	12
5488	12
5489	12
5490	12
5491	12
5492	12
5493	13
5494	13
5495	14
5496	14
5497	14
5498	15
5499	15
5500	13
5501	13
5502	13
5503	12
5504	13
5505	13
5506	13
5507	13
5508	13
5509	13
5510	13
5511	13
5512	13
5513	13
5514	13
5515	13
5516	13
5517	12
5518	12
5519	12
5520	12
5521	13
5522	13
5523	13
5524	13
5525	13
5526	13
5527	13
5528	13
5529	14
5530	14
5531	14
5532	14
5533	14
5534	14
5535	14
5536	14
5537	13
5538	13
5539	16
5540	14
5541	15
5542	15
5543	15
5544	15
5545	13
5546	13
5547	13
5548	13
5549	13
5550	13
5551	13
5552	13
5553	13
5554	13
5555	15
5556	14
5557	14
5558	14
5559	14
5560	14
5561	15
5562	15
5563	15
5564	15
5565	15
5566	15
5567	15
5568	15
5569	15
5570	15
5571	16
5572	16
5573	16
5574	16
5575	16
5576	16
5577	16
5578	16
5579	16
5580	16
5581	15
5582	15
5583	15
5584	15
5585	15
5586	15
5587	15
5588	15
5589	15
5590	15
5591	15
5592	15
5593	15
5594	15
5595	14
5596	14
5597	14
5598	14
5599	13
5600	14
5601	14
5602	14
5603	14
5604	14
5605	14
5606	14
5607	14
5608	14
5609	14
5610	14
5611	15
5612	15
5613	15
5614	15
5615	15
5616	15
5617	15
5618	15
5619	15
5620	15
5621	15
5622	15
5623	15
5624	14
5625	14
5626	15
5627	14
5628	14
5629	14
5630	14
5631	14
5632	14
5633	14
5634	13
5635	13
5636	13
5637	13
5638	12
5639	12
5640	12
5641	12
5642	12
5643	12
5644	12
5645	13
5646	13
5647	13
5648	13
5649	14
5650	14
5651	14
5652	14
5653	14
5654	14
5655	14
5656	14
5657	14
5658	14
5659	14
5660	14
5661	14
5662	14
5663	14
5664	14
5665	14
5666	14
5667	14
5668	14
5669	14
5670	14
5671	13
5672	14
5673	14
5674	14
5675	14
5676	14
5677	14
5678	14
5679	14
5680	13
5681	13
5682	14
5683	15
5684	15
5685	15
5686	15
5687	15
5688	15
5689	15
5690	15
5691	15
5692	15
5693	15
5694	16
5695	16
5696	15
5697	15
5698	14
5699	14
5700	14
5701	14
5702	14
5703	14
5704	15
5705	15
5706	15
5707	15
5708	14
5709	14
5710	15
5711	15
5712	14
5713	13
5714	13
5715	13
5716	13
5717	14
5718	14
5719	12
5720	11
5721	11
5722	12
5723	13
5724	13
5725	13
5726	11
5727	11
5728	11
5729	14
5730	14
5731	15
5732	15
5733	15
5734	15
5735	15
5736	15
5737	15
5738	15
5739	15
5740	15
5741	15
5742	15
5743	15
5744	15
5745	15
5746	15
5747	15
5748	14
5749	14
5750	14
5751	14
5752	13
5753	13
5754	12
5755	12
5756	12
5757	14
5758	14
5759	14
5760	13
5761	13
5762	14
5763	14
5764	14
5765	13
5766	13
5767	14
5768	14
5769	14
5770	14
5771	14
5772	14
5773	14
5774	14
5775	14
5776	14
5777	14
5778	14
5779	14
5780	13
5781	13
5782	13
5783	13
5784	14
5785	14
5786	13
5787	13
5788	13
5789	13
5790	13
5791	13
5792	13
5793	13
5794	13
5795	13
5796	13
5797	15
5798	15
5799	15
5800	15
5801	15
5802	15
5803	15
5804	15
5805	15
5806	15
5807	15
5808	15
5809	15
5810	14
5811	14
5812	14
5813	14
5814	14
5815	14
5816	14
5817	14
5818	14
5819	14
5820	14
5821	14
5822	14
5823	14
5824	14
5825	14
5826	14
5827	14
5828	14
5829	14
5830	14
5831	15
5832	15
5833	14
5834	14
5835	14
5836	11
5837	11
5838	11
5839	14
5840	14
5841	14
5842	14
5843	13
5844	13
5845	13
5846	13
5847	13
5848	12
5849	12
5850	12
5851	12
5852	12
5853	12
5854	12
5855	13
5856	13
5857	13
5858	13
5859	13
5860	13
5861	12
5862	12
5863	12
5864	12
5865	12
5866	12
5867	12
5868	12
5869	12
5870	12
5871	12
5872	12
5873	12
5874	12
5875	12
5876	11
5877	11
5878	12
5879	12
5880	12
5881	12
5882	12
5883	12
5884	12
5885	12
5886	13
5887	13
5888	13
5889	12
5890	13
5891	11
5892	11
5893	11
5894	11
5895	11
5896	10
5897	10
5898	10
5899	11
5900	11
5901	12
5902	12
5903	12
5904	12
5905	12
5906	12
5907	12
5908	12
5909	12
5910	12
5911	12
5912	12
5913	13
5914	13
5915	13
5916	11
5917	11
5918	11
5919	11
5920	11
5921	10
5922	10
5923	10
5924	10
5925	10
5926	10
5927	11
5928	11
5929	11
5930	11
5931	11
5932	12
5933	12
5934	13
5935	12
5936	12
5937	13
5938	13
5939	13
5940	13
5941	12
5942	12
5943	14
5944	14
5945	14
5946	14
5947	14
5948	12
5949	10
5950	10
5951	12
5952	12
5953	12
5954	12
5955	12
5956	12
5957	12
5958	12
5959	12
5960	12
5961	12
5962	12
5963	12
5964	12
5965	12
5966	12
5967	13
5968	13
5969	13
5970	13
5971	13
5972	13
5973	13
5974	14
5975	14
5976	14
5977	14
5978	14
5979	14
5980	14
5981	14
5982	14
5983	14
5984	16
5985	16
5986	15
5987	15
5988	15
5989	15
5990	15
5991	13
5992	13
5993	13
5994	13
5995	13
5996	13
5997	13
5998	14
5999	14
6000	14
6001	14
6002	14
6003	14
6004	13
6005	13
6006	13
6007	13
6008	13
6009	13
6010	13
6011	13
6012	12
6013	12
6014	14
6015	14
6016	14
6017	14
6018	14
6019	14
6020	14
6021	14
6022	14
6023	13
6024	13
6025	13
6026	13
6027	14
6028	15
6029	15
6030	15
6031	15
6032	15
6033	14
6034	14
6035	14
6036	14
6037	15
6038	15
6039	16
6040	16
6041	16
6042	16
6043	16
6044	16
6045	16
6046	16
6047	15
6048	15
6049	15
6050	15
6051	15
6052	15
6053	15
6054	15
6055	15
6056	15
6057	15
6058	15
6059	15
6060	15
6061	15
6062	14
6063	14
6064	14
6065	14
6066	14
6067	14
6068	14
6069	14
6070	14
6071	14
6072	15
6073	14
6074	14
6075	14
6076	14
6077	14
6078	14
6079	14
6080	14
6081	14
6082	14
6083	14
6084	14
6085	14
6086	14
6087	14
6088	14
6089	14
6090	14
6091	14
6092	14
6093	14
6094	14
6095	14
6096	14
6097	14
6098	14
6099	14
6100	14
6101	14
6102	14
6103	14
6104	14
6105	14
6106	14
6107	14
6108	14
6109	14
6110	14
6111	14
6112	14
6113	14
6114	14
6115	14
6116	14
6117	14
6118	14
6119	14
6120	14
6121	14
6122	14
6123	14
6124	14
6125	14
6126	14
6127	14
6128	15
6129	15
6130	15
6131	15
6132	15
6133	15
6134	15
6135	15
6136	15
6137	15
6138	15
6139	15
6140	15
6141	16
6142	16
6143	16
6144	16
6145	16
6146	17
6147	17
6148	17
6149	17
6150	17
6151	17
6152	17
6153	17
6154	17
6155	17
6156	17
6157	16
6158	15
6159	15
6160	15
6161	15
6162	15
6163	15
6164	16
6165	16
6166	16
6167	16
6168	16
6169	16
6170	16
6171	15
6172	16
6173	16
6174	16
6175	16
6176	16
6177	15
6178	15
6179	15
6180	15
6181	15
6182	15
6183	15
6184	15
6185	15
6186	15
6187	15
6188	16
6189	16
6190	16
6191	15
6192	15
6193	15
6194	14
6195	14
6196	14
6197	14
6198	14
6199	14
6200	14
6201	14
6202	14
6203	14
6204	14
6205	14
6206	14
6207	14
6208	13
6209	13
6210	13
6211	13
6212	13
6213	13
6214	13
6215	15
6216	15
6217	15
6218	15
6219	15
6220	14
6221	15
6222	15
6223	15
6224	14
6225	13
6226	13
6227	13
6228	13
6229	11
6230	11
6231	12
6232	12
6233	12
6234	12
6235	12
6236	12
6237	13
6238	12
6239	12
6240	12
6241	12
6242	12
6243	12
6244	12
6245	12
6246	12
6247	12
6248	12
6249	12
6250	12
6251	13
6252	13
6253	13
6254	12
6255	12
6256	12
6257	12
6258	12
6259	12
6260	13
6261	13
6262	13
6263	13
6264	15
6265	15
6266	15
6267	14
6268	14
6269	14
6270	14
6271	12
6272	13
6273	13
6274	13
6275	13
6276	13
6277	13
6278	13
6279	13
6280	13
6281	12
6282	12
6283	12
6284	12
6285	12
6286	12
6287	11
6288	11
6289	11
6290	11
6291	11
6292	11
6293	11
6294	11
6295	11
6296	11
6297	11
6298	11
6299	11
6300	11
6301	11
6302	11
6303	11
6304	11
6305	11
6306	12
6307	12
6308	12
6309	12
6310	12
6311	12
6312	9
6313	9
6314	9
6315	8
6316	8
6317	10
6318	12
6319	12
6320	12
6321	14
6322	13
6323	13
6324	13
6325	13
6326	13
6327	13
6328	14
6329	14
6330	14
6331	14
6332	14
6333	14
6334	14
6335	14
6336	14
6337	14
6338	13
6339	13
6340	13
6341	13
6342	13
6343	13
6344	13
6345	13
6346	13
6347	13
6348	13
6349	13
6350	13
6351	14
6352	13
6353	14
6354	13
6355	12
6356	12
6357	12
6358	11
6359	12
6360	11
6361	11
6362	11
6363	11
6364	13
6365	13
6366	13
6367	13
6368	14
6369	14
6370	14
6371	14
6372	14
6373	13
6374	13
6375	13
6376	13
6377	13
6378	13
6379	13
6380	13
6381	13
6382	15
6383	13
6384	13
6385	13
6386	15
6387	15
6388	15
6389	14
6390	13
6391	13
6392	13
6393	13
6394	13
6395	13
6396	13
6397	13
6398	13
6399	14
6400	14
6401	14
6402	15
6403	15
6404	15
6405	15
6406	15
6407	15
6408	16
6409	14
6410	14
6411	14
6412	14
6413	14
6414	14
6415	14
6416	14
6417	13
6418	14
6419	14
6420	13
6421	13
6422	13
6423	13
6424	13
6425	13
6426	13
6427	13
6428	13
6429	13
6430	13
6431	13
6432	13
6433	13
6434	13
6435	13
6436	13
6437	13
6438	13
6439	13
6440	12
6441	12
6442	12
6443	12
6444	13
6445	12
6446	12
6447	12
6448	12
6449	12
6450	12
6451	12
6452	11
6453	11
6454	11
6455	11
6456	11
6457	11
6458	11
6459	11
6460	11
6461	11
6462	11
6463	11
6464	11
6465	11
6466	11
6467	10
6468	10
6469	10
6470	11
6471	11
6472	11
6473	11
6474	11
6475	12
6476	12
6477	12
6478	12
6479	12
6480	13
6481	12
6482	12
6483	11
6484	11
6485	11
6486	11
6487	11
6488	11
6489	11
6490	12
6491	12
6492	12
6493	12
6494	11
6495	11
6496	11
6497	10
6498	10
6499	10
6500	10
6501	12
6502	12
6503	12
6504	12
6505	12
6506	12
6507	10
6508	10
6509	10
6510	12
6511	12
6512	12
6513	11
6514	11
6515	11
6516	14
6517	14
6518	12
6519	12
6520	12
6521	13
6522	13
6523	13
6524	13
6525	13
6526	13
6527	13
6528	13
6529	14
6530	14
6531	14
6532	14
6533	14
6534	14
6535	14
6536	14
6537	13
6538	13
6539	13
6540	15
6541	15
6542	15
6543	15
6544	14
6545	11
6546	11
6547	13
6548	14
6549	13
6550	13
6551	13
6552	12
6553	12
6554	12
6555	11
6556	11
6557	11
6558	11
6559	13
6560	13
6561	13
6562	13
6563	13
6564	13
6565	13
6566	13
6567	13
6568	13
6569	13
6570	13
6571	12
6572	12
6573	12
6574	12
6575	12
6576	11
6577	11
6578	11
6579	10
6580	10
6581	10
6582	10
6583	9
6584	10
6585	10
6586	12
6587	12
6588	12
6589	12
6590	12
6591	11
6592	11
6593	11
6594	11
6595	11
6596	11
6597	11
6598	11
6599	11
6600	12
6601	12
6602	12
6603	13
6604	13
6605	13
6606	13
6607	12
6608	12
6609	12
6610	11
6611	11
6612	11
6613	11
6614	11
6615	11
6616	11
6617	11
6618	11
6619	11
6620	11
6621	12
6622	12
6623	11
6624	11
6625	11
6626	11
6627	11
6628	11
6629	11
6630	11
6631	11
6632	11
6633	11
6634	11
6635	11
6636	11
6637	11
6638	11
6639	11
6640	11
6641	11
6642	11
6643	11
6644	11
6645	11
6646	11
6647	11
6648	11
6649	11
6650	11
6651	11
6652	11
6653	11
6654	11
6655	11
6656	11
6657	11
6658	11
6659	11
6660	11
6661	11
6662	11
6663	11
6664	13
6665	13
6666	13
6667	13
6668	13
6669	13
6670	13
6671	13
6672	13
6673	13
6674	13
6675	12
6676	12
6677	12
6678	12
6679	10
6680	10
6681	10
6682	9
6683	9
6684	10
6685	10
6686	10
6687	10
6688	10
6689	10
6690	10
6691	10
6692	10
6693	10
6694	10
6695	11
6696	12
6697	12
6698	12
6699	12
6700	12
6701	12
6702	12
6703	12
6704	12
6705	12
6706	12
6707	12
6708	12
6709	11
6710	11
6711	12
6712	12
6713	12
6714	12
6715	12
6716	12
6717	11
6718	11
6719	11
6720	11
6721	11
6722	11
6723	11
6724	11
6725	11
6726	11
6727	13
6728	13
6729	12
6730	12
6731	12
6732	12
6733	13
6734	13
6735	13
6736	13
6737	14
6738	14
6739	14
6740	14
6741	13
6742	13
6743	13
6744	12
6745	12
6746	11
6747	11
6748	11
6749	11
6750	11
6751	11
6752	11
6753	11
6754	11
6755	11
6756	11
6757	10
6758	9
6759	9
6760	9
6761	9
6762	9
6763	9
6764	9
6765	9
6766	9
6767	9
6768	9
6769	9
6770	9
6771	9
6772	8
6773	9
6774	9
6775	9
6776	9
6777	9
6778	9
6779	9
6780	9
6781	8
6782	8
6783	8
6784	8
6785	8
6786	8
6787	8
6788	8
6789	8
6790	8
6791	8
6792	8
6793	8
6794	9
6795	9
6796	10
6797	10
6798	10
6799	10
6800	10
6801	10
6802	10
6803	9
6804	11
6805	11
6806	11
6807	9
6808	11
6809	11
6810	11
6811	11
6812	11
6813	11
6814	9
6815	9
6816	9
6817	9
6818	11
6819	11
6820	11
6821	11
6822	10
6823	10
6824	10
6825	10
6826	10
6827	10
6828	10
6829	10
6830	9
6831	9
6832	9
6833	9
6834	9
6835	9
6836	10
6837	10
6838	10
6839	10
6840	10
6841	10
6842	10
6843	10
6844	10
6845	10
6846	11
6847	11
6848	12
6849	11
6850	11
6851	11
6852	11
6853	11
6854	11
6855	10
6856	10
6857	10
6858	10
6859	10
6860	11
6861	11
6862	11
6863	10
6864	10
6865	10
6866	10
6867	10
6868	10
6869	9
6870	9
6871	9
6872	11
6873	10
6874	9
6875	8
6876	8
6877	8
6878	8
6879	8
6880	9
6881	9
6882	9
6883	9
6884	9
6885	9
6886	10
6887	10
6888	10
6889	10
6890	10
6891	10
6892	10
6893	10
6894	10
6895	10
6896	10
6897	10
6898	10
6899	10
6900	10
6901	10
6902	10
6903	10
6904	10
6905	10
6906	14
6907	12
6908	12
6909	12
6910	12
6911	12
6912	12
6913	12
6914	12
6915	14
6916	14
6917	14
6918	14
6919	14
6920	14
6921	13
6922	14
6923	13
6924	13
6925	13
6926	13
6927	13
6928	13
6929	12
6930	12
6931	12
6932	12
6933	12
6934	12
6935	12
6936	12
6937	12
6938	12
6939	12
6940	12
6941	12
6942	12
6943	12
6944	12
6945	14
6946	14
6947	15
6948	15
6949	15
6950	16
6951	16
6952	15
6953	15
6954	15
6955	15
6956	14
6957	14
6958	14
6959	14
6960	14
6961	14
6962	13
6963	13
6964	13
6965	12
6966	12
6967	12
6968	11
6969	11
6970	11
6971	11
6972	12
6973	12
6974	12
6975	12
6976	12
6977	12
6978	12
6979	12
6980	12
6981	12
6982	12
6983	12
6984	12
6985	12
6986	12
6987	12
6988	10
6989	10
6990	10
6991	10
6992	10
6993	10
6994	10
6995	10
6996	10
6997	10
6998	10
6999	11
7000	11
7001	11
7002	11
7003	11
7004	11
7005	11
7006	11
7007	11
7008	11
7009	11
7010	11
7011	11
7012	11
7013	11
7014	11
7015	11
7016	11
7017	12
7018	12
7019	12
7020	12
7021	12
7022	11
7023	11
7024	11
7025	13
7026	12
7027	13
7028	13
7029	13
7030	13
7031	13
7032	13
7033	13
7034	13
7035	12
7036	10
7037	10
7038	10
7039	10
7040	10
7041	10
7042	10
7043	11
7044	11
7045	11
7046	14
7047	12
7048	12
7049	12
7050	12
7051	12
7052	12
7053	12
7054	10
7055	10
7056	9
7057	9
7058	9
7059	9
7060	10
7061	10
7062	11
7063	11
7064	11
7065	11
7066	11
7067	11
7068	12
7069	12
7070	12
7071	12
7072	12
7073	13
7074	13
7075	12
7076	12
7077	11
7078	13
7079	13
7080	13
7081	13
7082	13
7083	13
7084	13
7085	13
7086	13
7087	13
7088	13
7089	13
7090	13
7091	13
7092	13
7093	13
7094	13
7095	13
7096	13
7097	13
7098	13
7099	12
7100	13
7101	13
7102	13
7103	13
7104	13
7105	13
7106	13
7107	13
7108	12
7109	13
7110	13
7111	12
7112	14
7113	13
7114	13
7115	13
7116	13
7117	13
7118	13
7119	13
7120	13
7121	13
7122	13
7123	13
7124	13
7125	13
7126	13
7127	13
7128	13
7129	13
7130	12
7131	12
7132	12
7133	12
7134	12
7135	13
7136	12
7137	12
7138	12
7139	12
7140	12
7141	12
7142	13
7143	13
7144	13
7145	12
7146	12
7147	12
7148	12
7149	12
7150	12
7151	12
7152	12
7153	12
7154	12
7155	13
7156	13
7157	13
7158	13
7159	13
7160	14
7161	14
7162	14
7163	14
7164	14
7165	14
7166	14
7167	14
7168	14
7169	13
7170	13
7171	13
7172	13
7173	13
7174	12
7175	11
7176	11
7177	11
7178	11
7179	11
7180	11
7181	11
7182	12
7183	12
7184	13
7185	13
7186	13
7187	13
7188	13
7189	12
7190	11
7191	11
7192	11
7193	11
7194	12
7195	12
7196	12
7197	12
7198	12
7199	12
7200	12
7201	12
7202	12
7203	12
7204	12
7205	13
7206	13
7207	13
7208	13
7209	13
7210	13
7211	13
7212	13
7213	13
7214	13
7215	13
7216	13
7217	13
7218	13
7219	13
7220	13
7221	13
7222	13
7223	13
7224	13
7225	13
7226	13
7227	13
7228	13
7229	13
7230	13
7231	13
7232	13
7233	13
7234	13
7235	13
7236	13
7237	13
7238	13
7239	13
7240	13
7241	13
7242	13
7243	13
7244	13
7245	13
7246	13
7247	13
7248	13
7249	13
7250	13
7251	13
7252	13
7253	13
7254	13
7255	13
7256	13
7257	15
7258	15
7259	14
7260	14
7261	12
7262	12
7263	12
7264	12
7265	12
7266	13
7267	13
7268	13
7269	13
7270	13
7271	13
7272	13
7273	13
7274	13
7275	13
7276	13
7277	13
7278	13
7279	12
7280	12
7281	11
7282	11
7283	11
7284	11
7285	11
7286	11
7287	11
7288	11
7289	11
7290	12
7291	12
7292	12
7293	12
7294	11
7295	11
7296	11
7297	11
7298	12
7299	12
7300	12
7301	12
7302	12
7303	12
7304	12
7305	12
7306	11
7307	11
7308	11
7309	11
7310	11
7311	10
7312	10
7313	10
7314	10
7315	11
7316	11
7317	11
7318	12
7319	12
7320	15
7321	14
7322	14
7323	14
7324	13
7325	13
7326	13
7327	12
7328	12
7329	10
7330	10
7331	10
7332	10
7333	10
7334	9
7335	9
7336	9
7337	9
7338	7
7339	7
7340	7
7341	7
7342	7
7343	7
7344	7
7345	7
7346	7
7347	7
7348	8
7349	8
7350	8
7351	8
7352	8
7353	8
7354	8
7355	8
7356	8
7357	8
7358	8
7359	8
7360	8
7361	8
7362	8
7363	10
7364	10
7365	10
7366	10
7367	10
7368	10
7369	11
7370	11
7371	11
7372	11
7373	11
7374	12
7375	12
7376	12
7377	12
7378	12
7379	13
7380	14
7381	14
7382	14
7383	11
7384	13
7385	12
7386	12
7387	12
7388	12
7389	12
7390	12
7391	12
7392	12
7393	12
7394	12
7395	12
7396	12
7397	12
7398	12
7399	12
7400	12
7401	12
7402	12
7403	12
7404	12
7405	12
7406	12
7407	12
7408	12
7409	12
7410	12
7411	12
7412	12
7413	12
7414	12
7415	12
7416	12
7417	12
7418	12
7419	12
7420	12
7421	12
7422	12
7423	12
7424	12
7425	12
7426	11
7427	11
7428	11
7429	11
7430	11
7431	11
7432	11
7433	11
7434	11
7435	11
7436	11
7437	11
7438	11
7439	11
7440	11
7441	11
7442	11
7443	11
7444	11
7445	11
7446	11
7447	11
7448	11
7449	11
7450	11
7451	11
7452	11
7453	12
7454	12
7455	12
7456	12
7457	12
7458	12
7459	12
7460	11
7461	11
7462	11
7463	11
7464	12
7465	12
7466	12
7467	12
7468	12
7469	12
7470	12
7471	12
7472	12
7473	12
7474	12
7475	12
7476	12
7477	12
7478	11
7479	11
7480	11
7481	11
7482	12
7483	12
7484	12
7485	12
7486	12
7487	11
7488	11
7489	11
7490	11
7491	11
7492	11
7493	11
7494	11
7495	11
7496	11
7497	11
7498	11
7499	11
7500	11
7501	10
7502	10
7503	14
7504	14
7505	14
7506	14
7507	14
7508	14
7509	14
7510	12
7511	12
7512	12
7513	12
7514	9
7515	9
7516	9
7517	9
7518	9
7519	9
7520	9
7521	9
7522	9
7523	9
7524	9
7525	9
7526	9
7527	9
7528	9
7529	9
7530	9
7531	9
7532	9
7533	9
7534	9
7535	9
7536	9
7537	9
7538	9
7539	9
7540	11
7541	11
7542	11
7543	11
7544	10
7545	10
7546	10
7547	10
7548	10
7549	10
7550	9
7551	9
7552	9
7553	9
7554	9
7555	9
7556	9
7557	9
7558	9
7559	9
7560	9
7561	9
7562	9
7563	9
7564	9
7565	9
7566	9
7567	10
7568	10
7569	10
7570	10
7571	11
7572	11
7573	11
7574	10
7575	10
7576	10
7577	10
7578	10
7579	10
7580	10
7581	10
7582	10
7583	10
7584	7
7585	7
7586	7
7587	7
7588	7
7589	6
7590	6
7591	6
7592	6
7593	6
7594	6
7595	6
7596	6
7597	6
7598	6
7599	5
7600	5
7601	5
7602	5
7603	6
7604	6
7605	6
7606	6
7607	6
7608	6
7609	6
7610	6
7611	6
7612	6
7613	9
7614	9
7615	9
7616	9
7617	9
7618	9
7619	9
7620	9
7621	11
7622	11
7623	10
7624	10
7625	10
7626	10
7627	10
7628	9
7629	9
7630	9
7631	9
7632	9
7633	9
7634	7
7635	7
7636	7
7637	7
7638	6
7639	6
7640	6
7641	6
7642	6
7643	6
7644	6
7645	6
7646	6
7647	6
7648	6
7649	6
7650	6
7651	6
7652	6
7653	6
7654	7
7655	7
7656	7
7657	7
7658	7
7659	7
7660	6
7661	7
7662	6
7663	6
7664	6
7665	6
7666	6
7667	6
7668	5
7669	5
7670	5
7671	5
7672	5
7673	5
7674	5
7675	6
7676	6
7677	6
7678	6
7679	6
7680	6
7681	6
7682	6
7683	6
7684	6
7685	5
7686	5
7687	5
7688	5
7689	5
7690	5
7691	5
7692	5
7693	5
7694	5
7695	11
7696	11
7697	11
7698	11
7699	11
7700	11
7701	9
7702	9
7703	8
7704	8
7705	8
7706	8
7707	8
7708	8
7709	8
7710	8
7711	8
7712	8
7713	8
7714	8
7715	8
7716	8
7717	8
7718	8
7719	8
7720	8
7721	8
7722	8
7723	7
7724	7
7725	7
7726	7
7727	7
7728	7
7729	8
7730	8
7731	8
7732	8
7733	8
7734	8
7735	8
7736	8
7737	8
7738	8
7739	8
7740	8
7741	8
7742	8
7743	8
7744	8
7745	8
7746	8
7747	8
7748	8
7749	9
7750	9
7751	9
7752	9
7753	8
7754	8
7755	8
7756	8
7757	8
7758	7
7759	7
7760	7
7761	7
7762	7
7763	7
7764	7
7765	7
7766	8
7767	8
7768	8
7769	8
7770	8
7771	8
7772	8
7773	7
7774	7
7775	7
7776	7
7777	7
7778	7
7779	7
7780	7
7781	7
7782	7
7783	7
7784	7
7785	7
7786	7
7787	7
7788	7
7789	7
7790	7
7791	7
7792	7
7793	7
7794	7
7795	7
7796	7
7797	7
7798	7
7799	7
7800	7
7801	7
7802	7
7803	6
7804	6
7805	6
7806	6
7807	6
7808	6
7809	6
7810	6
7811	6
7812	6
7813	6
7814	6
7815	6
7816	6
7817	6
7818	6
7819	6
7820	6
7821	6
7822	6
7823	6
7824	6
7825	5
7826	5
7827	5
7828	5
7829	5
7830	5
7831	5
7832	6
7833	6
7834	6
7835	6
7836	6
7837	6
7838	6
7839	6
7840	6
7841	6
7842	6
7843	6
7844	6
7845	6
7846	6
7847	6
7848	6
7849	6
7850	6
7851	6
7852	6
7853	6
7854	6
7855	6
7856	6
7857	5
7858	5
7859	5
7860	6
7861	6
7862	6
7863	6
7864	6
7865	6
7866	6
7867	6
7868	6
7869	6
7870	6
7871	6
7872	6
7873	6
7874	6
7875	6
7876	6
7877	6
7878	6
7879	6
7880	6
7881	6
7882	6
7883	6
7884	6
7885	6
7886	6
7887	6
7888	6
7889	6
7890	6
7891	6
7892	6
7893	6
7894	6
7895	6
7896	6
7897	6
7898	6
7899	6
7900	6
7901	6
7902	6
7903	6
7904	6
7905	6
7906	6
7907	6
7908	6
7909	6
7910	6
7911	6
7912	7
7913	7
7914	7
7915	7
7916	7
7917	7
7918	7
7919	7
7920	7
7921	7
7922	7
7923	7
7924	7
7925	7
7926	7
7927	7
7928	7
7929	7
7930	7
7931	7
7932	7
7933	7
7934	7
7935	7
7936	7
7937	7
7938	7
7939	7
7940	7
7941	7
7942	7
7943	7
7944	7
7945	7
7946	7
7947	7
7948	6
7949	6
7950	5
7951	5
7952	5
7953	5
7954	5
7955	5
7956	5
7957	5
7958	5
7959	5
7960	5
7961	5
7962	5
7963	5
7964	5
7965	5
7966	5
7967	5
7968	5
7969	5
7970	5
7971	5
7972	5
7973	5
7974	5
7975	5
7976	5
7977	5
7978	5
7979	5
7980	5
7981	5
7982	5
7983	5
7984	5
7985	5
7986	5
7987	5
7988	5
7989	5
7990	5
7991	5
7992	5
7993	5
7994	5
7995	5
7996	5
7997	5
7998	5
7999	5
8000	5
8001	5
